function mpc = ImpRBTSbus2
%	Improved_RBTS_Bus2 Power flow, reliability, and topology data for an improved RBTS - Bus 2 test system.
%   Please see CASEFORMAT for details on the case file format.
%
%   The original RBTS - Bus 2 test system is taken from pp. 813-820 of
%   "A reliability test system for educational purposes-basic distribution system data and results",
%   by R. N. Allan, R. Billinton, I. Sjarief, L. Goel and K. S. So
%	in IEEE Transactions on Power Systems, vol. 6, no. 2, pp. 813-820, May 1991.
%   MATPOWER
%   $Id: Improved_RBTS_Bus2.m,v 1.0 2016/09/29 12:00:00 ray Exp $

%% MATPOWER Case Format : Version 2
mpc.version = '2';

%%-----  Power Flow Data  -----%%
%% system MVA base
mpc.baseMVA = 20;

%% bus data
%	bus_i	type	Pd	Qd	Gs	Bs	area	Vm	Va	baseKV	zone	Vmax	Vmin
mpc.bus = [
	1	3	0	0	0	0	1	1	0	11	1	1.03	0.97;	% 11kV bus
	2	1	0	0	0	0	1	1	0	11	1	1.03	0.97;	% feeder 2.1-LP1,LP2
	3	1	0	0	0	0	1	1	0	11	1	1.03	0.97;	% feeder 2.1-LP3,LP4
	4	1	0	0	0	0	1	1	0	11	1	1.03	0.97;	% feeder 2.1-LP5,LP6
	5	1	0	0	0	0	1	1	0	11	1	1.03	0.97;	% feeder 2.1-LP7
	6	1	0	0	0	0	1	1	0	11	1	1.03	0.97;	% feeder 2.2-LP8
	7	1	0	0	0	0	1	1	0	11	1	1.03	0.97;	% feeder 2.2-LP9
	8	1	0	0	0	0	1	1	0	11	1	1.03	0.97;	% feeder 2.3-LP10
	9	1	0	0	0	0	1	1	0	11	1	1.03	0.97;	% feeder 2.3-LP11,LP12
	10	1	0	0	0	0	1	1	0	11	1	1.03	0.97;	% feeder 2.3-LP13,LP14
	11	1	0	0	0	0	1	1	0	11	1	1.03	0.97;	% feeder 2.3-LP15
	12	1	0	0	0	0	1	1	0	11	1	1.03	0.97;	% feeder 2.4-LP16,LP17
	13	1	0	0	0	0	1	1	0	11	1	1.03	0.97;	% feeder 2.4-LP18,LP19
	14	1	0	0	0	0	1	1	0	11	1	1.03	0.97;	% feeder 2.4-LP20
	15	1	0	0	0	0	1	1	0	11	1	1.03	0.97;	% feeder 2.4-LP12,LP22
	16	1	0.8668	0.17336	0	0	1	1	0	0.415	1	1.03	0.97;	% LP1 
	17	1	0.8668	0.17336	0	0	1	1	0	0.415	1	1.03	0.97;	% LP2
	18	1	0.8668	0.17336	0	0	1	1	0	0.415	1	1.03	0.97;	% LP3
	19	1	0.9167	0.18334	0	0	1	1	0	0.415	1	1.03	0.97;	% LP4
	20	1	0.9167	0.18334	0	0	1	1	0	0.415	1	1.03	0.97;	% LP5
	21	1	0.75	0.15	0	0	1	1	0	0.415	1	1.03	0.97;	% LP6
	22	1	0.75	0.15	0	0	1	1	0	0.415	1	1.03	0.97;	% LP7
	23	1	1.6279	0.32558	0	0	1	1	0	0.415	1	1.03	0.97;	% LP8 
	24	1	1.97721	0.37442	0	0	1	1	0	0.415	1	1.03	0.97;	% LP9
	25	1	0.8668	0.17336	0	0	1	1	0	0.415	1	1.03	0.97;	% LP10
	26	1	0.8668	0.17336	0	0	1	1	0	0.415	1	1.03	0.97;	% LP11
	27	1	0.7291	0.14582	0	0	1	1	0	0.415	1	1.03	0.97;	% LP12
	28	1	0.9167	0.18334	0	0	1	1	0	0.415	1	1.03	0.97;	% LP13
	29	1	0.9167	0.18334	0	0	1	1	0	0.415	1	1.03	0.97;	% LP14
	30	1	0.75	0.15	0	0	1	1	0	0.415	1	1.03	0.97;	% LP15
	31	1	0.75	0.15	0	0	1	1	0	0.415	1	1.03	0.97;	% LP16
	32	1	0.7291	0.14582	0	0	1	1	0	0.415	1	1.03	0.97;	% LP17 
	33	1	0.7291	0.14582	0	0	1	1	0	0.415	1	1.03	0.97;	% LP18
	34	1	0.7291	0.14582	0	0	1	1	0	0.415	1	1.03	0.97;	% LP19
	35	1	0.9167	0.18334	0	0	1	1	0	0.415	1	1.03	0.97;	% LP20
	36	1	0.9167	0.18334	0	0	1	1	0	0.415	1	1.03	0.97;	% LP21
	37	1	0.75	0.15	0	0	1	1	0	0.415	1	1.03	0.97;	% LP22
];

%% generator data
%	bus	Pg	Qg	Qmax	Qmin	Vg	mBase	status	Pmax	Pmin	Pc1	Pc2	Qc1min	Qc1max	Qc2min	Qc2max	ramp_agc	ramp_10	ramp_30	ramp_q	apf
mpc.gen = [
	1	30	0	17	-15	1.05	100	1	50	0	0	0	0	0	0	0	0	0	0	0	0;

];

%% branch data
%	fbus	tbus	r	x	b	rateA	rateB	rateC	ratio	angle	status	angmin	angmax
mpc.branch = [		
	1	2	0.008	0.007	0	6.80	8.16	6.80	0	0	1	-360	360;
	2	3	0.008	0.007	0	6.80	8.16	6.80	0	0	1	-360	360;
	3	4	0.008	0.007	0	6.80	8.16	6.80	0	0	1	-360	360;
	4	5	0.007	0.006	0	6.80	8.16	6.80	0	0	1	-360	360;
	2	16	0.010	0.059	0	1.25	2.50	2.00	0	0	1	-360	360;
	2	17	0.010	0.059	0	1.25	2.50	2.00	0	0	1	-360	360;
	3	18	0.010	0.059	0	1.25	2.50	2.00	0	0	1	-360	360;
	3	19	0.010	0.059	0	1.6	3.20	2.00	0	0	1	-360	360;
	4	20	0.010	0.059	0	1.6	3.20	2.00	0	0	1	-360	360;
	4	21	0.010	0.059	0	1.25	2.50	2.00	0	0	1	-360	360;
	5	22	0.010	0.059	0	1.25	2.50	2.00	0	0	1	-360	360;
	1	6	0.023	0.009	0	4.61	5.53	4.61	0	0	1	-360	360;
	6	7	0.019	0.007	0	4.61	5.53	4.61	0	0	1	-360	360;
	6	23	0.008	0.063	0	3.15	6.30	2.00	0	0	1	-360	360;
	7	24	0.008	0.063	0	3.15	6.30	2.00	0	0	1	-360	360;
	1	8	0.010	0.008	0	6.00	7.20	6.00	0	0	1	-360	360;
	8	9	0.011	0.008	0	6.00	7.20	6.00	0	0	1	-360	360;
	9	10	0.008	0.006	0	6.00	7.20	6.00	0	0	1	-360	360;
	10	11	0.010	0.008	0	6.00	7.20	6.00	0	0	1	-360	360;
	8	25	0.010	0.059	0	1.25	2.50	2.00	0	0	1	-360	360;
	9	26	0.010	0.059	0	1.25	2.50	2.00	0	0	1	-360	360;
	9	27	0.010	0.059	0	1.25	2.50	2.00	0	0	1	-360	360;
	10	28	0.010	0.059	0	1.6	3.20	2.00	0	0	1	-360	360;
	10	29	0.010	0.059	0	1.6	3.20	2.00	0	0	1	-360	360;
	11	30	0.010	0.059	0	1.25	2.50	2.00	0	0	1	-360	360;
	1	12	0.011	0.008	0	6.00	7.20	6.00	0	0	1	-360	360;
	12	13	0.010	0.008	0	6.00	7.20	6.00	0	0	1	-360	360;
	13	14	0.010	0.008	0	6.00	7.20	6.00	0	0	1	-360	360;
	14	15	0.008	0.006	0	6.00	7.20	6.00	0	0	1	-360	360;
	12	31	0.010	0.059	0	1.25	2.50	2.00	0	0	1	-360	360;
	12	32	0.010	0.059	0	1.25	2.50	2.00	0	0	1	-360	360;
	13	33	0.010	0.059	0	1.25	2.50	2.00	0	0	1	-360	360;
	13	34	0.010	0.059	0	1.25	2.50	2.00	0	0	1	-360	360;
	14	35	0.010	0.059	0	1.6	3.20	2.00	0	0	1	-360	360;
	15	36	0.010	0.059	0	1.6	3.20	2.00	0	0	1	-360	360;
	15	37	0.010	0.059	0	1.25	2.50	2.00	0	0	1	-360	360;
	5	7	0.060	0.011	0	4.61	2.40	2.00	0	0	0	-360	360;
	11	15	0.060	0.011	0	4.61	2.40	2.00	0	0	0	-360	360;
];  


%%-----  Reliability Data  -----%%
%% Component reliability data
% 1st Column: Component number
% 2nd Column: Component type (0: Bus/LoadPoint, 1: Breaker, 2: Overhead Line, 3: Switch, 4: Fuse, 5: Tranformer, 6: TieSwitch, 7: Linelateral)
% 3rd Column: Permanent failure rate (failures/year)
% 4th Column: Maximum failure rate for condition-depended failure rate cases (CDFR), expressed in times of permanent failure rate, e.g. x10 
% 5th Column: Probability of operational failure 	# Protection devices and switches, zero for the rest 
% 6th Column: Mean time to repair (hours)
% 7th Column: Mean time to switch (hours) 			# Only Switches, zero for the rest 
% 8th Column: Number of customers 		 			# Only for LoadPoints, zero for the rest
%	Num	CType	FR	Lmax	Prob	MTTR	MSwTime	NofCustomers   
